313.0
83.0
263.0
38.0
471.0
626.0
564.0
592.0
3265.0
2423.5
180.0
1771.0
49.0
296.0
246.0
171.0
105.0
2040.0
355.0
2066.0
341.0
1525.0
381.0
1682.0
59.0
218.0
218.0
364.0
434.0
1788.0
226.0
1572.0
6120.0
202.0
1766.0
12.0
82.0
228.5
39.0
296.0
309.0
61.0
879.0
84.0
825.0
1340.0
1134.0
637.0
1541.0
1270.0
85.0
98.0
637.0
79.0
316.0
243.0
1394.0
641.0
36.0
1108.0
6.0
440.0
1634.0
58.0
1110.0
97.0
3108.0
88.0
230.0
100.0
154.0
129.0
2096.0
1237.0
228.0
28.0
1328.0
155.0
1703.0
107.0
478.0
44.0
145.0
611.0
3.0
55.0
115.0
184.0
8.0
416.0
165.0
1333.0
72.0
903.0
1908.0
344.0
141.0
432.0
53.0
88.0
179.0
119.0
578.0
174.0
109.0
146.0
180.0
658.0
1120.0
2169.0
57.0
192.0
1856.0
735.0
32.0
1481.0
261.0
5185.0
1144.0
225.0
1545.0
113.0
2475.0
113.0
1292.0
246.0
79.0
333.0
119.0
2762.0
184.0
620.0
410.0
1185.0
85.0
1929.0
595.0
229.0
202.0
2525.0
267.0
117.0
507.0
49.0
102.0
108.0
3171.0
134.0
137.0
245.0
3420.0
2651.0
187.0
186.0
348.0
7.0
679.0
132.0
96.0
310.0
88.0
156.0
299.0
2330.0
24.0
158.0
143.0
652.0
2697.0
178.0
239.0
137.0
60.0
341.0
500.0
3493.0
176.0
250.0
1769.0
109.0
1476.0
176.0
75.0
202.0
81.0
822.0
566.0
600.0
154.0
837.5
102.0
117.0
3111.0
425.0
269.0
1226.0
195.666666667
162.0
380.0
89.0
183.0
211.0
371.0
103.0
71.0
382.0
124.0
460.0
65.0
6.0
1366.0
184.0
2634.0
13.0
61.0
251.0
348.0
52.0
11.0
94.0
203.0
899.0
26.0
78.0
46.0
366.0
402.0
1407.0
64.0
164.0
116.0
486.0
1525.0
571.0
3264.0
2757.0
304.0
79.0
28.0
35.0
68.0
2836.0
2013.0
212.0
1499.0
347.0
442.0
945.0
2284.0
123.0
625.0
2295.0
2388.0
81.0
664.0
2725.0
878.0
686.0
564.0
6.0
116.0
485.0
145.0
112.0
269.0
59.0
2046.0
1112.0
121.0
65.0
193.0
1.0
269.0
27.0
209.0
338.0
198.0
1958.0
3817.0
1608.0
102.0
76.0
2278.0
1888.0
1205.0
33.0
32.0
302.0
21.0
288.0
458.0
70.0
371.0
63.0
456.0
118.0
2.0
59.0
396.0
869.0
4.0
69.0
1022.0
402.0
164.0
126.0
513.0
2169.0
130.0
66.0
1721.5
129.0
454.0
53.0
137.0
3457.0
1914.0
2833.0
50.0
145.0
43.0
582.0
144.0
2789.0
693.0
2351.0
37.0
53.0
564.0
3384.0
177.0
290.0
567.0
73.0
158.0
1189.0
16.0
1212.0
469.0
199.0
4164.0
220.666666667
226.0
373.0
240.0
99.0
200.0
334.0
27.0
208.0
984.0
361.0
87.0
83.0
206.0
147.0
1756.0
2554.0
68.0
472.0
30.0
339.0
147.0
1195.0
456.0
1907.0
2038.0
230.0
37.0
457.0
647.0
408.0
430.0
176.0
111.0
410.0
135.5
65.0
1778.0
1854.0
19.0
789.0
319.0
3287.0
77.0
1483.0
73.0
239.0
289.0
46.0
4007.0
765.0
254.0
1325.0
498.0
1349.0
1931.0
455.0
1730.0
70.0
1036.0
625.0
84.0
289.0
226.0
1013.0
54.0
42.0
568.0
735.0
159.0
112.0
341.0
361.0
555.0
249.0
186.0
63.0
239.0
331.0
3566.0
220.0
686.0
106.0
1512.0
5.0
301.0
280.0
1829.0
43.0
121.5
249.0
2892.0
294.0
337.0
334.0
42.0
389.0
135.0
3590.0
234.0
2767.0
664.0
616.0
404.0
166.0
467.0
1849.0
367.0
3001.0
24.0
17.0
98.0
55.0
20.0
266.0
1988.0
332.0
139.0
1353.0
84.0
131.0
66.0
242.0
219.0
127.0
2592.0
50.0
1544.5
158.0
186.0
877.0
104.0
50.0
215.0
133.0
4.0
49.0
59.0
567.0
113.0
338.0
1044.0
2.0
124.0
188.0
403.0
118.0
185.0
133.0
116.0
3.0
117.0
1290.0
1029.0
220.0
149.0
14.0
465.0
216.0
1713.0
9.0
84.0
1982.0
155.0
1448.0
86.0
367.0
348.0
119.0
1609.0
725.0
767.0
899.0
496.0
53.0
103.0
301.0
432.0
209.0
286.0
128.0
1407.0
168.0
2.0
688.0
1782.33333333
52.0
480.0
489.0
97.0
111.0
229.0
215.0
1459.0
104.0
3905.5
151.0
92.0
66.0
240.0
156.0
1767.0
752.0
1292.0
2417.0
450.0
528.0
411.0
176.0
7.0
581.0
43.0
232.0
157.0
5.0
129.0
17.0
168.0
402.0
163.0
178.0
3019.0
334.0
678.0
485.0
195.0
577.5
1829.0
24.0
1199.0
1599.5
65.0
420.0
1931.0
1353.0
473.0
1075.0
298.0
3164.0
2683.0
1862.0
335.0
2148.0
91.0
221.0
3033.0
517.0
12.0
2832.0
1668.0
237.0
122.0
122.0
192.0
177.0
380.0
3034.0
122.0
1484.0
1414.0
2559.0
147.0
174.0
114.0
612.0
151.0
315.0
5668.0
61.0
43.0
