4.0
716.666666667
125.0
271.0
17.0
153.0
2651.0
187.0
435.0
206.0
132.0
1353.0
88.0
124.0
296.0
2439.0
1036.0
2397.0
907.0
355.0
3103.0
237.0
215.0
1525.0
124.0
12.0
139.0
707.0
497.0
78.0
571.0
79.0
1198.0
652.0
218.0
250.0
295.0
2553.0
924.0
416.0
291.0
110.0
38.0
519.0
151.0
50.0
1029.0
132.0
61.0
71.0
411.0
53.0
136.0
190.0
899.0
494.0
155.0
1939.0
116.0
281.0
828.0
111.0
252.0
11.0
80.0
10.0
200.0
422.0
485.0
1474.0
109.0
79.0
155.0
87.0
7.0
121.0
1177.0
1197.5
792.0
294.0
386.0
332.0
49.0
4.0
667.0
1459.0
3102.5
301.0
37.0
83.0
127.0
2808.0
72.0
97.0
113.0
260.0
478.0
2932.0
26.0
1431.0
142.0
288.0
55.0
128.0
232.0
1051.0
5.0
1730.0
752.0
70.0
67.0
3.0
135.0
495.0
396.0
280.0
725.0
152.0
622.0
1013.0
103.0
903.0
182.0
631.0
1812.0
1010.0
1499.0
2705.0
3276.0
741.0
333.0
252.0
1504.0
166.0
123.0
220.0
804.0
2855.0
2095.0
353.0
72.0
134.0
679.0
152.0
222.0
2879.0
2430.0
2046.0
1545.0
1443.0
42.0
252.0
24.0
269.0
207.5
38.0
1479.0
15.0
410.0
6.0
187.0
1289.0
