129.0
181.0
3.0
125.0
397.0
166.0
155.0
414.0
794.0
467.0
344.0
204.0
145.0
448.0
234.0
399.0
38.0
1293.0
367.0
91.0
2614.0
98.0
302.0
55.0
162.0
592.0
124.0
288.0
46.0
704.0
169.0
305.0
108.0
186.0
332.0
139.0
226.0
268.0
700.0
7.0
2131.0
1766.0
658.0
100.0
1348.0
131.0
23.0
608.0
127.0
2410.0
508.0
298.0
138.0
2040.0
117.0
94.0
3005.0
100.0
78.0
556.0
56.0
1015.0
22.0
145.0
199.0
59.0
158.0
91.0
27.0
218.0
185.0
88.0
119.0
338.0
90.0
463.0
815.0
100.0
14.0
3554.0
96.0
2880.0
81.0
226.0
500.0
137.0
133.0
227.0
119.0
133.0
81.0
1431.0
1714.0
18.0
332.0
460.0
694.0
1644.0
1584.0
295.0
1313.0
246.0
82.0
374.0
2.0
25.0
715.0
92.0
1.0
753.0
1222.0
392.0
212.0
67.0
20.0
253.0
1476.0
398.0
210.0
1954.0
280.0
600.0
10.0
75.0
495.0
127.0
521.0
566.0
105.0
825.0
366.0
126.0
152.0
2079.0
1001.0
24.0
603.0
842.0
175.0
10480.0
46.0
218.0
541.0
49.0
87.0
2482.0
341.0
3353.0
53.0
952.0
473.0
293.0
89.0
290.0
173.0
155.0
3519.0
95.0
152.0
86.0
386.0
210.0
1212.0
95.0
119.0
169.0
200.0
178.0
423.0
1288.5
4940.0
109.0
58.0
166.0
142.0
80.0
103.0
139.0
389.0
246.0
646.0
3434.0
38.0
225.0
488.0
177.0
71.0
1939.5
1688.0
1425.0
497.0
912.0
118.0
216.0
301.0
1469.0
467.0
105.0
403.0
1126.0
83.0
3036.0
1984.0
27.0
212.0
55.0
35.0
984.0
60.0
225.0
220.0
268.0
89.0
1117.0
147.0
65.0
2.0
481.0
51.0
6.0
571.0
46.0
83.0
67.0
2569.0
139.0
222.0
135.0
128.0
109.0
125.0
170.0
175.0
97.0
281.0
180.0
1275.0
170.0
188.0
2413.0
225.0
265.0
142.0
316.0
4289.0
25.0
191.0
136.0
86.0
71.0
3196.0
382.0
30.0
402.0
154.0
1857.0
266.0
112.5
84.0
707.0
136.0
1907.0
11.0
2038.0
60.0
104.0
696.0
2186.0
3071.0
119.0
142.0
966.5
401.0
3.0
609.0
87.0
112.0
1022.0
444.0
1328.0
118.0
36.0
410.0
698.0
96.0
13.0
334.0
70.0
2598.0
2830.0
4.0
207.0
399.0
156.0
84.0
1.0
213.0
513.0
128.0
1173.0
70.0
752.0
186.0
640.0
176.0
382.0
735.0
77.0
123.0
2829.0
145.0
393.0
94.0
758.0
1927.0
2373.0
82.0
203.0
1883.0
2.0
405.0
1734.0
549.0
2823.0
4.0
253.0
4331.0
498.0
360.0
104.0
1606.0
334.0
237.0
296.0
2609.0
423.0
317.0
102.0
151.0
2.0
55.0
132.0
2923.0
49.0
3063.0
70.0
504.0
143.0
33.0
1325.0
2.0
60.0
94.0
158.0
1575.0
153.0
58.0
2882.0
76.0
68.0
1887.0
50.0
699.5
1493.0
589.0
786.0
42.0
3523.0
133.0
2254.0
282.0
123.0
118.0
187.0
708.0
146.0
110.0
54.0
229.0
96.0
103.0
945.0
2212.0
473.0
317.0
507.0
2764.0
1332.0
1148.0
145.0
528.0
999.0
2715.0
1193.0
159.0
125.0
42.0
104.0
277.0
383.0
2388.0
1152.0
70.0
217.0
722.0
515.0
3236.0
531.0
626.0
1688.0
1509.0
170.0
2875.0
113.0
738.0
3.0
510.0
716.0
1072.0
1096.0
878.0
383.0
1039.5
686.0
926.0
218.0
119.0
118.0
290.0
2410.0
13.0
164.0
57.0
235.0
711.0
77.0
280.0
45.0
176.0
30.0
102.0
26.0
15020.0
84.0
43.0
145.0
261.0
228.0
1.0
122.0
12.0
626.0
1068.0
227.0
3055.0
400.0
409.0
433.0
2239.0
94.0
337.0
326.0
67.0
304.0
321.0
363.0
329.0
8.0
301.0
3636.0
224.0
73.0
251.0
2920.0
125.0
56.0
143.0
1602.0
523.0
687.5
128.0
1.0
308.0
507.0
589.0
729.0
241.0
152.0
329.0
310.0
1061.0
507.0
110.0
905.0
143.0
55.0
276.0
73.0
338.0
166.0
267.0
