190.0
1345.0
164.0
228.0
596.0
500.0
267.0
283.0
167.5
127.0
99.0
2645.0
1992.0
335.0
443.0
1647.0
1768.5
2962.0
25.0
1825.0
380.0
83.0
62.0
185.0
68.0
281.0
162.0
537.0
216.0
962.0
176.0
55.0
637.0
2219.0
770.0
719.0
42.0
112.0
2086.8
127.0
2353.0
3463.0
183.0
507.0
202.0
1191.0
134.5
126.0
58.0
357.0
2884.0
68.0
176.0
6386.0
110.0
44.0
1339.0
3272.0
2718.0
1733.0
162.0
196.0
756.0
1579.0
330.0
5.0
57.0
294.0
164.0
89.0
644.0
632.0
472.0
247.0
3329.0
1691.0
79.0
344.0
404.0
197.0
358.0
294.0
1587.0
87.0
1788.0
306.0
18.0
1146.0
287.0
516.0
148.0
2320.0
57.0
135.0
2949.0
79.0
352.0
4.0
634.0
44.0
861.0
2473.0
192.0
1352.0
2138.0
509.0
318.0
223.0
103.0
1075.0
1029.0
13.0
227.0
1611.0
207.0
250.0
1506.0
267.0
1231.0
304.0
685.0
2574.0
1183.0
2273.0
809.0
2047.0
751.0
304.0
216.0
1192.0
17.0
67.0
1283.0
453.0
66.0
160.0
138.0
729.0
258.0
283.0
318.0
144.0
1234.0
2181.0
454.0
2088.0
326.0
991.0
63.0
166.0
2813.0
267.0
367.0
86.0
90.0
239.0
53.0
60.0
611.0
961.0
503.0
743.0
77.0
1263.0
795.0
1602.0
435.0
1727.0
480.0
444.0
161.0
555.0
1986.0
625.0
2063.5
385.0
251.0
1162.0
3448.0
191.0
244.0
42.0
701.0
114.0
149.0
2585.0
109.0
530.0
168.0
141.0
108.0
329.5
192.0
1.0
559.0
3.0
464.0
46.0
316.0
3467.0
725.0
182.0
2.0
1841.0
62.0
1804.0
1550.0
896.0
144.0
1695.0
1039.0
2815.0
1919.0
29.0
806.0
3487.0
2439.0
3442.0
9.0
113.0
427.0
1775.0
1894.0
2320.0
44.0
982.0
2585.0
2428.0
65.0
893.0
387.0
201.0
1609.0
3354.0
2646.0
171.0
146.0
9.0
835.0
2457.0
31.0
76.0
96.0
3386.0
416.0
481.0
252.0
2366.0
159.0
320.0
125.0
84.0
1848.0
3023.0
130.0
354.0
271.0
393.0
157.0
303.0
84.0
2691.0
193.5
187.0
1635.0
876.0
1338.0
63.0
144.0
112.0
978.0
1000.0
1146.0
1152.0
1283.0
308.0
1903.0
1138.0
97.0
2116.0
1972.0
18.0
1438.0
187.0
498.0
177.0
200.0
1152.66666667
1280.0
995.0
155.0
527.0
545.0
2162.0
252.0
230.0
338.0
3124.0
488.0
2287.0
72.0
2235.0
160.0
111.0
2264.0
2832.0
114.0
1038.0
87.0
3180.0
1340.0
103.0
9.0
396.0
2373.0
238.0
2679.0
1633.0
225.0
570.0
316.0
1219.0
1372.0
602.0
734.0
1596.0
87.0
1253.0
104.0
448.0
102.0
5647.0
57.0
405.0
1411.0
95.0
2107.0
40.0
190.0
74.0
630.0
705.0
138.0
14.0
462.0
1291.0
480.0
338.0
115.0
1295.0
1179.0
28.0
694.0
60.0
128.0
895.0
696.0
2937.0
397.0
2619.0
35.0
64.0
1675.0
84.0
99.0
3512.0
122.0
733.0
730.0
200.0
101.0
60.0
618.0
2553.0
287.0
316.0
30.0
1270.0
1057.0
2554.0
118.0
69.0
89.0
866.0
704.0
922.0
35.0
274.0
985.0
326.0
2229.0
29.0
75.0
264.0
481.0
2765.0
439.0
1106.0
173.0
133.0
67.0
244.0
4276.0
1206.0
1284.0
44.0
539.0
124.0
26.0
21.0
729.0
201.0
35.0
33.0
1763.0
1352.0
237.0
2302.0
200.0
2017.0
12.0
89.0
99.0
235.0
301.0
461.0
5057.0
3155.0
127.0
55.0
53.0
4181.0
1258.0
3525.0
215.0
2506.0
773.0
1106.0
2008.0
316.0
144.0
406.0
2239.0
98.0
729.0
128.0
149.0
484.0
71.5
1052.0
531.0
42.0
1344.0
415.0
40.0
479.0
241.0
776.0
226.0
165.0
3623.0
29.0
496.0
173.0
1593.0
192.0
2041.0
56.0
690.0
111.0
369.0
78.0
406.0
2.0
1122.0
1075.0
3852.0
209.0
32.0
475.0
1234.0
1870.0
991.0
58.0
5.0
278.0
60.0
1780.0
558.0
1238.0
2.0
73.0
144.0
2609.0
2.0
180.0
903.0
228.0
160.0
104.0
1183.0
126.0
22.0
3278.0
763.0
995.0
1382.0
247.0
666.0
5.0
186.0
155.0
79.0
2094.0
183.0
294.0
62.0
1244.0
151.0
86.0
2379.0
308.0
87.0
2239.5
1775.0
246.0
1480.0
821.0
1177.0
177.0
149.0
73.0
124.0
761.0
162.0
646.0
388.0
366.0
101.0
121.0
17416.0
582.0
2653.0
1937.0
905.0
1145.0
2505.0
269.5
2553.0
1098.0
1318.0
110.0
394.0
620.0
1462.0
46.0
108.0
77.0
223.0
70.0
487.0
6.0
952.0
905.0
2329.0
772.0
1364.0
987.0
1206.0
405.0
545.0
99.0
3119.0
86.0
223.0
691.0
1036.0
1774.5
55.0
3929.5
728.0
725.0
6432.0
484.0
81.0
1310.0
1277.0
288.0
683.5
1470.0
1723.0
3638.0
192.0
58.0
3134.0
86.0
3166.0
591.0
115.0
270.0
160.0
713.0
157.0
1206.0
113.0
78.0
2198.0
19.0
125.0
195.0
2335.0
2247.0
1992.0
2.0
1814.0
584.0
180.5
1556.0
688.0
202.0
1842.0
4.0
489.0
951.0
197.0
175.0
111.0
739.0
607.0
464.0
1331.0
84.0
2193.0
956.0
164.0
736.0
167.0
335.0
1353.0
1649.0
487.0
233.0
123.0
321.0
5152.0
99.0
295.0
1245.0
2048.0
2577.0
809.0
3071.0
512.0
210.0
2937.0
157.0
84.0
890.0
