781.6
87.0
1867.0
1276.0
602.0
352.0
1.0
259.0
1330.0
501.0
658.0
7.0
102.0
480.0
79.0
772.0
1195.0
144.0
246.0
86.0
130.0
76.0
335.0
169.0
32.0
117.0
180.0
1681.0
240.0
1849.33333333
250.0
1.0
95.0
163.0
2878.0
168.0
1082.0
277.0
152.0
2161.0
1053.0
569.0
109.0
231.0
2206.0
2235.0
1542.0
214.0
1460.0
302.0
190.0
177.0
2625.0
974.0
308.0
1699.0
204.0
1240.0
408.0
265.0
120.0
1071.0
302.0
89.0
723.0
201.0
494.0
216.0
4.0
165.0
728.0
176.0
3178.0
182.0
84.0
4.0
363.0
163.0
112.0
245.0
1.0
2126.0
42.0
541.0
165.0
112.0
3182.0
6.0
3428.0
101.0
3.0
1744.0
272.0
127.0
623.5
180.0
2761.0
980.0
733.0
2193.0
785.0
216.0
50.0
219.0
208.0
239.0
181.0
135.0
1670.0
2229.0
393.0
1485.0
144.0
1.0
3633.0
453.0
996.333333333
272.0
162.0
1432.0
141.0
357.0
622.0
3483.0
245.0
41.5
1174.0
77.0
44.0
284.0
2138.0
254.0
69.0
94.0
3125.0
570.0
459.0
57.0
3403.0
1500.0
60.0
353.0
614.0
274.0
212.0
545.0
1055.0
155.0
1944.0
2943.0
126.0
39.0
28.0
108.0
1036.0
43.0
147.0
336.0
328.0
1129.0
83.0
2135.0
813.0
940.0
15.0
263.0
151.0
3235.0
74.0
2835.0
204.0
4.0
1139.0
32.0
143.0
116.0
472.0
44.0
3618.5
1921.0
947.0
114.0
3184.0
1.0
78.0
227.0
2156.0
135.0
26.0
25.0
298.928571429
1333.0
1.0
111.0
1310.0
225.0
1277.0
59.0
352.0
1674.0
1613.0
1451.0
406.0
74.0
1461.0
87.0
78.0
159.0
326.0
413.0
88.0
96.0
94.0
599.0
416.0
1470.0
47.0
2251.0
1296.0
319.0
441.0
127.0
1348.0
464.0
1666.0
2219.0
94.0
3211.0
2623.0
225.0
20.0
132.0
462.0
936.0
221.0
2.0
112.0
129.0
2017.0
324.0
192.0
114.0
252.0
270.0
1206.0
1173.0
1005.0
140.0
5.0
2785.0
88.0
187.0
3013.0
192.0
145.0
788.0
203.0
53.0
770.0
832.0
128.0
19.0
3155.0
134.0
625.0
377.333333333
1223.0
3071.0
103.0
703.0
501.0
2778.0
1931.0
640.0
505.0
433.0
543.0
2628.0
1856.0
2.0
1245.0
974.0
1381.0
1075.0
53.0
1106.0
477.0
202.0
486.0
231.0
948.0
1186.0
104.0
1977.0
207.0
1464.0
1171.0
2656.0
1793.0
264.0
644.333333333
2116.0
1279.0
46.0
4166.0
1634.0
175.0
468.0
354.0
2221.0
3508.0
531.0
3412.0
272.0
468.0
431.0
103.0
256.0
72.0
506.0
3538.0
2477.0
963.0
2620.0
1598.0
338.0
688.0
2904.0
4.0
3399.0
655.0
33.0
80.0
2275.0
2115.0
951.0
138.0
466.0
886.0
865.0
1901.0
2675.0
10.0
6110.0
50.0
450.0
1227.0
20.0
76.0
2508.0
67.0
34.0
338.0
3047.0
56.0
2768.0
86.0
444.0
1060.0
814.0
805.0
166.0
477.0
403.0
155.0
278.0
197.0
1882.0
662.0
1238.0
133.0
234.0
1974.0
310.0
2980.0
192.0
1353.0
2840.0
3660.0
3028.0
2518.0
206.0
188.0
87.0
258.0
609.0
142.0
306.0
400.0
63.0
505.0
871.0
451.0
169.0
3509.0
396.0
848.5
326.0
172.0
1193.0
143.0
2064.0
2601.0
968.0
254.0
692.0
732.0
129.0
46.0
18.0
242.0
2725.0
730.0
386.0
565.0
210.0
967.0
108.0
173.0
1489.0
82.0
30.0
197.0
162.0
1271.0
84.0
717.0
159.0
2940.0
130.0
