180.0
1602.0
1596.0
12.0
112.0
1219.0
2621.0
140.0
75.0
443.0
51.0
155.0
25.0
205.0
2322.0
130.0
175.0
1502.0
1382.0
2.0
86.0
68.0
134.0
1325.0
52.0
632.0
177.0
950.0
130.0
444.0
149.0
13.0
10.0
179.0
112.0
723.0
335.0
1748.0
1241.0
121.0
37.0
648.0
510.0
1274.0
385.0
314.0
507.0
1098.0
129.0
208.0
72.0
620.0
3204.0
997.0
1364.0
67.0
547.0
787.0
387.0
242.0
987.0
686.0
75.0
2252.0
330.0
597.0
294.0
122.0
1229.0
3085.0
173.0
67.0
1081.0
140.0
832.0
171.0
243.0
729.0
1018.0
303.0
725.0
828.0
114.0
2767.0
47.0
242.0
130.0
1725.0
943.0
62.0
77.0
186.0
13.0
2873.0
673.0
113.0
99.0
507.0
161.0
2637.0
1380.0
125.0
109.0
6.0
152.0
2081.0
195.0
119.0
610.0
2207.0
1.0
1211.0
16.0
90.0
190.0
101.0
166.0
846.0
248.0
3505.0
23.0
36.0
128.0
30.0
77.0
599.0
317.0
115.0
82.0
126.0
2744.0
1205.0
102.0
120.0
4134.0
42.0
1069.0
93.0
234.0
2.0
95.0
1531.0
1595.0
192.0
228.0
308.0
1057.0
2739.0
137.0
67.0
516.0
283.0
1708.0
28.0
5204.0
652.0
43.0
2716.0
98.0
1670.5
58.0
826.0
60.0
321.0
771.0
99.0
260.0
130.0
990.0
100.0
134.0
63.0
2043.0
809.0
113.5
816.0
433.0
138.714285714
61.0
53.0
157.0
1.0
51.0
850.0
