591.0
67.0
110.0
687.0
64.0
277.0
41.0
187.0
2169.0
3185.0
54.0
986.333333333
211.0
94.0
588.0
252.0
779.0
992.0
820.0
79.0
307.0
71.0
1077.0
100.0
38.0
204.0
737.0
95.0
664.0
125.0
34.0
74.0
265.0
753.0
480.0
79.0
215.0
395.0
163.0
388.0
219.0
308.0
235.0
281.0
650.0
71.0
1021.0
126.0
1536.0
1423.0
128.0
104.0
74.0
88.0
1323.0
289.0
128.0
18.0
2973.0
210.0
554.0
229.0
379.0
307.0
109.0
1360.0
879.0
270.0
1224.0
1620.0
420.333333333
225.0
33.0
207.0
110.0
24.0
40.0
689.0
586.0
843.0
1.0
116.0
2640.0
742.0
190.0
328.0
4126.0
284.0
371.0
2388.0
341.0
100.0
230.0
3.0
78.0
163.0
280.0
160.0
1502.0
52.0
733.0
826.0
2931.0
4465.0
189.0
122.0
282.0
390.0
1282.0
46.0
1406.0
92.0
121.0
285.0
992.0
207.0
136.0
1620.0
1970.0
149.0
339.0
11.0
196.0
741.0
340.0
100.0
126.0
189.0
745.0
86.0
29.0
217.0
144.0
664.0
295.0
1737.0
473.0
178.0
94.0
22.0
57.0
377.0
3086.0
129.0
569.0
5.0
396.0
66.0
195.0
255.0
86.0
1203.0
46.0
1140.0
353.0
1132.0
208.0
6.0
48.0
60.0
3527.5
292.0
27.0
338.0
199.0
434.0
3.0
286.0
45.0
2947.0
28.0
114.0
434.0
106.0
639.0
10.0
287.0
