835.0
820.0
34.0
383.0
85.0
1970.0
63.0
121.0
42.0
135.0
5492.0
187.0
86.0
114.0
1638.0
493.0
168.0
149.0
942.0
211.0
3.0
2989.0
588.0
56.0
820.0
283.0
3510.0
141.0
64.0
1823.0
656.0
1020.0
1877.0
265.0
174.0
184.0
205.0
1322.0
105.0
126.0
63.0
1937.0
101.0
1323.0
128.0
2857.0
157.0
308.0
125.0
1193.5
2393.0
194.0
706.0
280.0
228.0
729.0
2.0
227.0
16.0
2534.0
1167.0
270.0
290.0
210.0
40.0
441.0
116.0
22.0
69.0
377.0
81.0
111.0
170.0
100.0
230.0
63.0
132.0
74.0
312.0
299.0
2202.0
227.0
68.0
141.0
284.0
1685.0
445.0
205.0
465.0
277.0
2390.0
1167.0
201.0
209.0
2749.0
268.0
89.0
1365.0
92.0
287.0
442.0
804.0
1620.0
404.0
228.0
6.0
208.0
76.0
75.0
93.0
35.0
109.0
289.0
2266.0
510.0
228.0
1873.0
167.0
57.0
786.0
129.0
239.0
255.0
480.0
97.0
255.0
21.0
69.0
115.0
185.0
175.0
48.0
170.5
1502.0
171.0
23.0
281.0
122.0
731.0
3.0
639.0
60.0
125.0
272.0
10.0
2647.0
